A_mean = 1.64901076923e-05
B_mean = -9.15803179487e-06
C_mean = 1.337
X_mean = 64.7434461538
Y_mean = 18.5382307692
Z_mean = 0.0448213897436

